[Sensor Definition]
Channel no.,Type,x,y,z,theta,phi,size,baseline
,,[mm],[mm],[mm],[deg],[deg],[mm],[mm]
0,AxialGradioMeter,-105.48,-64.87,20.65,81.77,220.07,15.50,50.00
1,AxialGradioMeter,-124.59,-18.09,23.18,79.58,190.26,15.50,50.00
2,AxialGradioMeter,-111.13,-59.40,-62.34,91.54,214.59,15.50,50.00
3,AxialGradioMeter,-121.23,-38.52,-58.41,89.71,203.80,15.50,50.00
4,AxialGradioMeter,-126.75,-16.46,-57.34,89.37,190.91,15.50,50.00
5,AxialGradioMeter,-94.72,-79.76,-63.59,90.84,226.39,15.50,50.00
6,AxialGradioMeter,-93.13,-71.41,38.97,73.78,226.48,15.50,50.00
7,AxialGradioMeter,-108.00,-49.91,41.41,72.32,213.18,15.50,50.00
8,AxialGradioMeter,-13.15,121.70,-62.18,85.81,93.54,15.50,50.00
9,AxialGradioMeter,-80.63,91.72,-43.14,97.58,123.61,15.50,50.00
10,AxialGradioMeter,-36.36,113.09,-62.36,87.95,103.28,15.50,50.00
11,AxialGradioMeter,-60.54,103.82,-63.12,89.29,113.48,15.50,50.00
12,AxialGradioMeter,-125.38,7.55,23.53,79.58,174.48,15.50,50.00
13,AxialGradioMeter,-109.75,53.69,21.65,79.51,146.74,15.50,50.00
14,AxialGradioMeter,-97.61,73.65,-6.99,89.83,135.49,15.50,50.00
15,AxialGradioMeter,-86.66,38.34,84.55,50.90,150.43,15.50,50.00
16,AxialGradioMeter,-59.34,-4.23,111.67,28.43,184.13,15.50,50.00
17,AxialGradioMeter,-126.05,-16.10,-34.79,92.18,189.71,15.50,50.00
18,AxialGradioMeter,-93.36,-80.47,-41.91,96.47,230.44,15.50,50.00
19,AxialGradioMeter,-116.12,-26.43,41.93,72.21,196.21,15.50,50.00
20,AxialGradioMeter,-8.84,-118.34,29.66,80.23,267.66,15.50,50.00
21,AxialGradioMeter,-59.80,-103.43,36.46,76.33,244.20,15.50,50.00
22,AxialGradioMeter,-110.46,-5.15,62.87,63.24,183.11,15.50,50.00
23,AxialGradioMeter,-83.97,-72.57,58.44,66.31,228.88,15.50,50.00
24,AxialGradioMeter,-115.53,19.02,43.59,70.15,167.85,15.50,50.00
25,AxialGradioMeter,-108.77,41.63,44.83,70.78,152.96,15.50,50.00
26,AxialGradioMeter,-76.21,18.79,100.98,37.65,160.21,15.50,50.00
27,AxialGradioMeter,-70.90,58.70,83.88,52.15,132.62,15.50,50.00
28,AxialGradioMeter,-54.31,74.95,83.09,54.13,118.92,15.50,50.00
29,AxialGradioMeter,-32.33,83.08,80.66,55.68,109.35,15.50,50.00
30,AxialGradioMeter,-7.21,87.76,79.17,54.78,94.62,15.50,50.00
31,AxialGradioMeter,-123.62,33.63,-4.42,88.16,159.01,15.50,50.00
32,AxialGradioMeter,-2.99,-118.14,-8.42,85.71,269.43,15.50,50.00
33,AxialGradioMeter,-75.07,-32.37,98.10,41.34,212.62,15.50,50.00
34,AxialGradioMeter,-5.40,-28.14,127.76,17.85,259.80,15.50,50.00
35,AxialGradioMeter,-97.70,-52.86,60.16,64.58,216.02,15.50,50.00
36,AxialGradioMeter,-25.07,-121.39,-9.06,85.64,260.88,15.50,50.00
37,AxialGradioMeter,-54.50,-106.25,-62.44,89.45,247.46,15.50,50.00
38,AxialGradioMeter,-74.86,-96.12,-41.60,96.03,240.72,15.50,50.00
39,AxialGradioMeter,-33.78,-113.99,-62.56,88.12,255.98,15.50,50.00
40,AxialGradioMeter,-68.68,78.81,64.53,62.81,123.81,15.50,50.00
41,AxialGradioMeter,-86.85,60.47,64.43,62.41,137.18,15.50,50.00
42,AxialGradioMeter,-100.96,39.35,64.88,60.71,152.90,15.50,50.00
43,AxialGradioMeter,-115.50,49.51,-59.75,91.59,151.94,15.50,50.00
44,AxialGradioMeter,-102.59,70.32,-62.18,90.21,136.94,15.50,50.00
45,AxialGradioMeter,-127.40,5.13,-56.05,89.85,178.37,15.50,50.00
46,AxialGradioMeter,-124.05,27.80,-57.12,88.72,164.14,15.50,50.00
47,AxialGradioMeter,-43.70,34.53,111.39,31.17,132.34,15.50,50.00
48,AxialGradioMeter,-10.94,-118.99,-63.52,88.84,262.75,15.50,50.00
49,AxialGradioMeter,-91.45,-82.10,-13.03,95.14,228.45,15.50,50.00
50,AxialGradioMeter,-121.37,-43.10,-6.75,89.54,205.36,15.50,50.00
51,AxialGradioMeter,-55.89,-109.90,-34.31,87.40,247.79,15.50,50.00
52,AxialGradioMeter,-54.68,-113.04,-10.66,87.03,246.17,15.50,50.00
53,AxialGradioMeter,-20.56,-119.85,10.33,86.03,265.69,15.50,50.00
54,AxialGradioMeter,-72.42,-97.09,15.33,83.18,237.44,15.50,50.00
55,AxialGradioMeter,-6.94,-125.87,-33.48,82.54,267.01,15.50,50.00
56,AxialGradioMeter,-34.09,17.53,120.57,21.11,144.83,15.50,50.00
57,AxialGradioMeter,-34.40,-29.53,119.06,25.36,226.15,15.50,50.00
58,AxialGradioMeter,-57.62,95.20,41.36,73.07,116.23,15.50,50.00
59,AxialGradioMeter,-96.75,63.50,45.15,70.53,139.83,15.50,50.00
60,AxialGradioMeter,-9.28,109.89,40.12,74.27,94.74,15.50,50.00
61,AxialGradioMeter,-100.65,73.60,-38.56,93.54,136.44,15.50,50.00
62,AxialGradioMeter,-126.55,6.77,-33.36,90.83,173.70,15.50,50.00
63,AxialGradioMeter,1.09,57.01,110.84,35.51,88.87,15.50,50.00
64,AxialGradioMeter,-84.38,-53.71,79.77,55.13,221.05,15.50,50.00
65,AxialGradioMeter,-80.64,-6.81,100.31,38.41,184.67,15.50,50.00
66,AxialGradioMeter,44.77,-118.06,-14.58,88.66,286.58,15.50,50.00
67,AxialGradioMeter,88.00,-89.08,-16.64,93.77,305.40,15.50,50.00
68,AxialGradioMeter,16.52,-121.05,-10.08,86.52,272.13,15.50,50.00
69,AxialGradioMeter,41.15,-90.51,71.15,61.01,287.24,15.50,50.00
70,AxialGradioMeter,-4.78,-96.00,74.08,57.70,267.46,15.50,50.00
71,AxialGradioMeter,19.09,-96.94,72.16,58.86,277.81,15.50,50.00
72,AxialGradioMeter,-57.06,103.89,-4.95,85.46,113.39,15.50,50.00
73,AxialGradioMeter,-7.49,116.49,-6.65,85.77,92.96,15.50,50.00
74,AxialGradioMeter,-32.63,111.95,-6.78,84.93,103.70,15.50,50.00
75,AxialGradioMeter,-4.58,14.42,129.03,9.46,109.61,15.50,50.00
76,AxialGradioMeter,22.25,12.92,126.58,13.79,38.40,15.50,50.00
77,AxialGradioMeter,-59.39,104.32,-32.45,86.18,113.84,15.50,50.00
78,AxialGradioMeter,-10.68,118.61,-32.68,84.00,92.74,15.50,50.00
79,AxialGradioMeter,86.32,85.99,-12.97,90.26,53.11,15.50,50.00
80,AxialGradioMeter,-51.16,-82.84,75.55,58.38,244.18,15.50,50.00
81,AxialGradioMeter,-30.25,-91.69,73.97,59.20,254.94,15.50,50.00
82,AxialGradioMeter,44.82,-116.29,-39.63,89.24,287.27,15.50,50.00
83,AxialGradioMeter,83.87,-89.84,-45.75,95.60,304.40,15.50,50.00
84,AxialGradioMeter,-44.74,-47.34,108.14,36.73,236.48,15.50,50.00
85,AxialGradioMeter,90.06,-87.46,6.54,87.62,307.14,15.50,50.00
86,AxialGradioMeter,18.89,-118.94,8.24,87.57,273.98,15.50,50.00
87,AxialGradioMeter,71.70,-101.74,8.68,85.31,299.29,15.50,50.00
88,AxialGradioMeter,42.34,112.03,-33.25,84.90,69.77,15.50,50.00
89,AxialGradioMeter,81.83,87.61,-47.23,99.31,52.77,15.50,50.00
90,AxialGradioMeter,-46.52,57.61,97.58,42.72,123.52,15.50,50.00
91,AxialGradioMeter,-75.86,89.80,20.45,79.34,123.78,15.50,50.00
92,AxialGradioMeter,86.58,12.69,95.50,41.91,7.62,15.50,50.00
93,AxialGradioMeter,15.59,37.22,120.41,24.35,73.98,15.50,50.00
94,AxialGradioMeter,18.94,114.89,-7.85,85.59,83.06,15.50,50.00
95,AxialGradioMeter,43.39,108.92,-8.77,85.97,71.95,15.50,50.00
96,AxialGradioMeter,-44.36,-69.26,92.04,48.37,245.30,15.50,50.00
97,AxialGradioMeter,-69.89,-70.77,78.89,57.10,235.26,15.50,50.00
98,AxialGradioMeter,38.79,-114.00,30.83,78.59,283.32,15.50,50.00
99,AxialGradioMeter,80.94,-88.50,30.99,77.23,303.96,15.50,50.00
100,AxialGradioMeter,47.50,-115.73,9.57,85.42,288.16,15.50,50.00
101,AxialGradioMeter,53.45,-70.76,88.91,50.51,296.01,15.50,50.00
102,AxialGradioMeter,-65.76,-86.29,57.44,66.36,241.17,15.50,50.00
103,AxialGradioMeter,-46.57,-98.68,57.14,67.25,249.67,15.50,50.00
104,AxialGradioMeter,3.81,99.87,58.93,64.91,89.93,15.50,50.00
105,AxialGradioMeter,-21.50,98.82,61.04,64.57,98.81,15.50,50.00
106,AxialGradioMeter,28.37,98.29,59.11,65.05,79.67,15.50,50.00
107,AxialGradioMeter,52.72,89.43,58.24,64.63,67.18,15.50,50.00
108,AxialGradioMeter,72.73,76.62,58.29,63.87,55.35,15.50,50.00
109,AxialGradioMeter,-30.32,110.58,16.68,83.40,102.85,15.50,50.00
110,AxialGradioMeter,-45.80,91.62,62.62,63.93,110.93,15.50,50.00
111,AxialGradioMeter,49.59,4.04,115.91,23.19,8.87,15.50,50.00
112,AxialGradioMeter,-20.86,-108.22,56.29,65.70,261.11,15.50,50.00
113,AxialGradioMeter,3.96,-110.68,54.35,67.36,272.24,15.50,50.00
114,AxialGradioMeter,52.21,-97.49,53.07,66.88,291.28,15.50,50.00
115,AxialGradioMeter,29.36,-107.03,53.47,66.98,280.15,15.50,50.00
116,AxialGradioMeter,89.23,-73.39,52.36,67.86,309.46,15.50,50.00
117,AxialGradioMeter,104.82,-55.65,53.62,67.15,321.95,15.50,50.00
118,AxialGradioMeter,71.41,-86.18,52.79,67.04,299.96,15.50,50.00
119,AxialGradioMeter,129.52,-3.61,34.15,74.86,358.78,15.50,50.00
120,AxialGradioMeter,21.19,113.37,16.33,82.61,81.77,15.50,50.00
121,AxialGradioMeter,45.37,106.12,14.78,83.61,70.64,15.50,50.00
122,AxialGradioMeter,68.53,95.54,13.15,84.66,59.54,15.50,50.00
123,AxialGradioMeter,88.64,82.35,11.82,83.10,49.83,15.50,50.00
124,AxialGradioMeter,44.81,82.05,78.43,55.94,67.19,15.50,50.00
125,AxialGradioMeter,106.09,44.41,56.50,64.97,29.87,15.50,50.00
126,AxialGradioMeter,117.87,21.98,56.26,63.98,15.49,15.50,50.00
127,AxialGradioMeter,90.97,62.02,58.29,64.04,42.54,15.50,50.00
128,AxialGradioMeter,114.07,-56.63,32.16,77.38,324.07,15.50,50.00
129,AxialGradioMeter,27.17,-67.28,104.24,43.71,285.88,15.50,50.00
130,AxialGradioMeter,-0.58,-70.08,103.24,43.65,268.37,15.50,50.00
131,AxialGradioMeter,62.43,22.83,107.43,31.79,25.35,15.50,50.00
132,AxialGradioMeter,102.97,-31.66,75.04,55.65,335.96,15.50,50.00
133,AxialGradioMeter,76.61,-68.67,72.50,59.07,307.49,15.50,50.00
134,AxialGradioMeter,21.32,-27.24,124.18,18.34,300.34,15.50,50.00
135,AxialGradioMeter,61.06,-38.38,106.09,35.61,316.60,15.50,50.00
136,AxialGradioMeter,115.85,45.82,34.69,74.48,29.16,15.50,50.00
137,AxialGradioMeter,23.29,87.80,78.58,55.15,76.30,15.50,50.00
138,AxialGradioMeter,57.60,55.45,94.04,44.96,53.97,15.50,50.00
139,AxialGradioMeter,28.41,52.91,109.18,36.54,67.10,15.50,50.00
140,AxialGradioMeter,80.86,55.51,77.16,55.04,44.50,15.50,50.00
141,AxialGradioMeter,104.54,19.45,76.55,54.12,17.15,15.50,50.00
142,AxialGradioMeter,79.68,90.34,-72.51,94.92,54.01,15.50,50.00
143,AxialGradioMeter,15.08,120.08,-61.63,88.19,82.88,15.50,50.00
144,AxialGradioMeter,116.20,-31.27,56.57,65.31,338.16,15.50,50.00
145,AxialGradioMeter,49.16,-18.93,115.21,24.60,332.35,15.50,50.00
146,AxialGradioMeter,14.21,-51.61,116.20,32.54,280.23,15.50,50.00
147,AxialGradioMeter,13.96,-118.06,-66.12,91.19,272.40,15.50,50.00
148,AxialGradioMeter,37.24,-111.27,-67.28,92.32,283.96,15.50,50.00
149,AxialGradioMeter,58.61,-102.46,-68.62,94.69,291.52,15.50,50.00
150,AxialGradioMeter,79.99,-91.47,-69.58,95.60,305.20,15.50,50.00
151,AxialGradioMeter,83.10,-37.08,91.73,45.94,324.48,15.50,50.00
152,AxialGradioMeter,36.72,113.45,-63.74,90.27,71.60,15.50,50.00
153,AxialGradioMeter,57.72,103.72,-68.48,94.45,64.06,15.50,50.00
154,AxialGradioMeter,83.08,79.90,37.27,72.52,51.85,15.50,50.00
155,AxialGradioMeter,41.40,102.46,36.50,74.21,74.07,15.50,50.00
156,AxialGradioMeter,89.42,-14.61,93.56,44.29,344.45,15.50,50.00
157,AxialGradioMeter,0,0.00,0.00,0.00,0.00,0.00,4.00		
158,AxialGradioMeter,0,0.00,0.00,0.00,0.00,0.00,4.00
159,AxialGradioMeter,0,0.00,0.00,0.00,0.00,0.00,4.00
160,Null Channel
161,Null Channel
162,Null Channel
163,Null Channel
164,Null Channel
165,Null Channel
166,Null Channel
167,Null Channel
168,Null Channel
169,Null Channel
170,Null Channel
171,Null Channel
172,Null Channel
173,Null Channel
174,Null Channel
175,Null Channel
176,Null Channel
177,Null Channel
178,Null Channel
179,Null Channel
180,Null Channel
181,Null Channel
182,Null Channel
183,Null Channel
184,Null Channel
185,Null Channel
186,Null Channel
187,Null Channel
188,Null Channel
189,Null Channel
190,Null Channel
191,Null Channel
